10 14 11 
10 6 15 11 
8 1 3 18 20 
8 7 3 21 20 
8 6 10 23 24 
8 1 3 18 23 25 24 
2 1 3 10 23 24 
2 7 3 18 23 25 24 
14 18 
14 16 18 
13 25 
13 14 23 25 
8 7 4 
8 1 3 4 
1 3 18 19 
1 7 3 22 19 
1 3 10 
1 7 4 10 
20 18 16 
20 21 3 16 
23 14 13 
23 25 13 
15 6 10 3 22 
15 11 14 16 22 
24 23 18 19 
24 25 23 22 19 
13 14 6 8 7 
13 12 14 9 4 7 
10 6 15 
10 14 11 15 
4 10 23 25 
4 9 14 13 25 
9 4 3 1 
9 6 8 1 
15 11 12 
15 6 14 12 
21 3 1 8 
21 18 3 7 8 
5 6 14 18 19 
5 8 1 3 22 19 
17 3 1 8 
17 10 6 8 
11 12 13 25 
11 14 23 25 
25 23 18 19 
25 24 23 22 19 
21 18 23 
21 3 10 23 
15 6 8 7 
15 11 14 9 4 7 
6 10 23 
6 14 23 
20 18 16 
20 21 3 16 
22 3 10 
22 23 10 
13 14 6 8 
13 12 11 15 6 5 8 
1 8 6 
1 3 10 6 
15 6 14 13 
15 11 12 13 
25 13 12 
25 23 14 12 
12 14 18 21 
12 11 14 10 3 21 
3 10 23 
3 18 23 
8 6 10 23 25 
8 5 6 14 13 25 
18 17 
18 3 17 
16 14 13 25 
16 18 23 25 
19 18 23 
19 22 23 
25 23 18 21 
25 13 14 10 3 21 
6 10 23 24 
6 14 13 25 24 
10 14 13 
10 23 25 13 
12 11 15 
12 14 6 15 
1 3 22 
1 7 3 16 22 
12 14 10 3 
12 11 14 16 3 
25 13 14 
25 23 14 
25 13 14 6 8 
25 23 10 3 1 8 
23 10 6 8 
23 14 6 5 8 
17 18 20 
17 3 21 20 
2 1 3 10 14 
2 7 3 16 14 
2 1 3 16 
2 7 3 17 16 
15 6 10 
15 11 14 10 
17 18 19 
17 3 22 19 
11 15 
11 14 6 15 
8 1 3 21 
8 6 14 18 21 
21 3 
21 18 3 
25 23 22 
25 13 14 16 22 
6 9 4 
6 10 4 
11 14 6 8 7 
11 12 14 9 4 7 
17 10 
17 3 10 
3 4 9 
3 10 9 
5 8 1 2 
5 6 8 7 2 
11 14 18 20 
11 12 14 10 3 21 20 
15 6 14 18 19 
15 11 14 16 22 19 
4 10 23 25 
4 9 14 13 25 
14 6 8 1 2 
14 9 4 7 2 
19 18 3 
19 22 3 
8 6 14 11 
8 5 6 15 11 
20 18 17 
20 21 3 17 
8 6 15 
8 5 6 14 11 15 
21 3 22 
21 18 22 
9 4 7 
9 6 8 7 
9 14 18 19 
9 4 3 22 19 
22 3 
22 16 3 
2 1 3 21 
2 7 3 18 21 
16 14 12 
16 17 14 11 12 
25 24 
25 23 24 
25 23 18 
25 13 14 18 
3 10 23 24 
3 18 23 25 24 
8 1 3 
8 7 3 
20 18 14 13 
20 21 18 23 25 13 
4 7 
4 3 7 
16 18 19 
16 22 19 
14 18 
14 16 18 
17 10 23 24 
17 14 13 25 24 
15 11 
15 6 14 11 
5 6 14 16 
5 8 1 3 16 
19 18 3 10 
19 22 23 10 
1 3 10 23 
1 7 3 18 23 
12 14 16 22 
12 11 14 18 22 
5 6 
5 8 6 
20 18 14 
20 21 3 10 14 
16 3 1 8 
16 14 6 8 
4 10 
4 3 10 
15 11 
15 6 14 11 
14 6 8 1 
14 10 3 1 
22 23 24 
22 18 23 25 24 
3 4 
3 7 4 
23 10 6 8 
23 14 6 5 8 
18 17 
18 3 17 
4 7 
4 3 7 
