25
-74.00597 40.71427
-71.10561 42.3751
-87.65005 41.85003
-81.69541 41.4995
-78.63861 35.7721
-84.38798 33.749
-75.16379 39.95234
-77.03637 38.89511
-86.78444 36.16589
-90.19789 38.62727
-90.07507 29.95465
-95.36327 29.76328
-98.49363 29.42412
-96.80667 32.78306
-81.37924 28.53834
-104.9847 39.73915
-94.62746 39.11417
-122.41942 37.77493
-121.4944 38.58157
-122.67621 45.52345
-122.33207 47.60621
-111.89105 40.76078
-118.24368 34.05223
-117.15726 32.71533
-112.07404 33.44838
# longitude latitude
