3 10 14 
3 16 14 
15 6 10 
15 11 14 10 
23 10 9 
23 14 9 
22 16 
22 3 16 
23 14 11 
23 10 6 15 11 
11 14 17 
11 12 14 10 17 
8 1 
8 7 1 
22 3 1 2 
22 16 3 7 2 
1 3 21 
1 7 3 18 21 
17 10 23 
17 14 23 
1 3 10 14 13 
1 8 6 14 12 13 
11 14 9 4 
11 12 14 10 4 
21 3 16 
21 18 16 
23 14 
23 10 14 
22 23 
22 18 23 
23 18 20 
23 10 3 21 20 
5 6 10 3 22 
5 8 1 3 16 22 
11 14 9 
11 15 6 9 
13 14 23 
13 25 23 
20 18 14 6 15 
20 21 3 10 14 11 15 
5 6 15 
5 8 6 14 11 15 
18 20 
18 21 20 
20 18 14 11 
20 21 3 10 6 15 11 
8 6 9 
8 7 4 9 
4 3 17 
4 10 17 
9 4 3 21 
9 14 18 21 
8 6 14 11 
8 5 6 15 11 
19 18 14 12 
19 22 16 14 11 12 
18 16 
18 3 16 
6 10 23 25 
6 14 13 25 
2 1 3 10 14 12 
2 7 3 16 14 11 12 
2 1 8 6 
2 7 3 10 6 
25 23 18 20 
25 13 14 18 21 20 
21 18 23 24 
21 3 10 23 25 24 
7 4 
7 3 4 
25 23 22 
25 13 14 16 22 
19 18 3 1 2 
19 22 3 7 2 
17 3 1 2 
17 10 3 7 2 
14 23 24 
14 13 25 24 
17 10 
17 3 10 
16 3 
16 17 3 
2 1 
2 7 1 
16 3 10 
16 14 10 
6 10 3 21 
6 14 18 21 
15 6 8 1 2 
15 11 14 9 4 7 2 
10 3 
10 4 3 
14 18 
14 16 18 
19 18 14 
19 22 16 14 
4 7 2 
4 3 1 2 
16 14 9 
16 3 4 9 
25 23 10 4 
25 13 14 9 4 
21 3 4 9 
21 18 14 9 
14 23 24 
14 13 25 24 
5 8 7 
5 6 8 1 7 
19 18 17 
19 22 3 17 
16 14 12 
16 17 14 11 12 
17 14 11 
17 10 6 15 11 
5 8 
5 6 8 
24 23 10 4 
24 25 13 14 9 4 
19 18 14 6 
19 22 3 10 6 
17 3 1 8 
17 10 6 8 
3 18 19 
3 22 19 
9 14 18 19 
9 4 3 22 19 
4 7 
4 3 7 
19 18 20 
19 22 3 21 20 
13 14 6 8 7 
13 12 14 9 4 7 
25 13 14 9 
25 23 10 9 
24 23 18 
24 25 13 14 18 
12 14 18 20 
12 11 14 10 3 21 20 
17 3 
17 10 3 
15 6 10 3 21 
15 11 14 18 21 
14 10 3 
14 16 3 
10 3 21 
10 14 18 21 
17 14 12 
17 10 14 11 12 
9 10 17 
9 14 17 
13 14 6 8 7 
13 12 14 9 4 7 
24 23 18 20 
24 25 13 14 18 21 20 
21 18 14 13 
21 3 10 14 12 13 
24 23 10 3 1 2 
24 25 23 18 3 7 2 
22 3 1 8 5 
22 16 14 6 5 
1 3 10 23 
1 7 3 18 23 
25 13 12 11 15 
25 23 10 6 15 
2 7 4 
2 1 3 4 
21 18 23 24 
21 3 10 23 25 24 
21 3 10 
21 18 14 10 
19 22 
19 18 22 
8 6 
8 5 6 
23 24 
23 25 24 
3 1 
3 7 1 
2 7 4 
2 1 3 4 
24 23 22 
24 25 23 18 22 
16 14 9 
16 3 4 9 
3 17 
3 10 17 
11 14 18 20 
11 12 14 10 3 21 20 
2 1 8 5 
2 7 8 6 5 
20 18 3 10 
20 21 3 4 10 
20 18 23 24 
20 21 3 10 23 25 24 
14 16 
14 17 16 
13 14 6 8 1 2 
13 12 14 9 4 7 2 
17 3 1 8 
17 10 6 8 
