18 23 24 
18 14 13 25 24 
14 6 8 1 
14 10 3 1 
2 1 3 18 19 
2 7 3 22 19 
11 14 18 20 
11 12 14 10 3 21 20 
16 22 
16 3 22 
10 6 5 
10 3 1 8 5 
11 14 6 8 7 
11 12 14 9 4 7 
12 14 10 3 
12 11 14 16 3 
9 4 
9 10 4 
23 14 16 
23 18 16 
24 23 10 4 
24 25 13 14 9 4 
1 3 10 23 24 
1 7 3 18 23 25 24 
4 9 14 
4 10 14 
25 23 18 
25 13 14 18 
1 3 10 14 12 
1 8 6 14 11 12 
22 16 14 13 
22 23 25 13 
14 12 
14 11 12 
16 14 6 15 
16 17 14 11 15 
4 9 6 
4 10 6 
8 6 15 
8 5 6 14 11 15 
19 18 14 9 
19 22 3 4 9 
18 3 1 
18 14 6 8 1 
16 14 6 
16 3 10 6 
22 3 10 6 
22 16 14 6 
16 3 
16 17 3 
4 9 14 11 
4 10 6 15 11 
10 23 24 
10 14 13 25 24 
11 14 23 
11 12 13 25 23 
13 25 24 
13 14 23 24 
21 18 14 13 
21 3 10 14 12 13 
20 18 3 
20 21 3 
14 11 
14 12 11 
6 10 17 
6 14 17 
12 14 18 21 
12 11 14 10 3 21 
12 14 6 
12 11 15 6 
7 3 10 14 
7 4 9 14 
5 6 10 3 22 
5 8 1 3 16 22 
5 6 14 13 
5 8 6 9 14 12 13 
11 14 17 
11 12 14 10 17 
23 24 
23 25 24 
8 1 
8 7 1 
20 18 14 6 15 
20 21 3 10 14 11 15 
1 3 18 
1 7 3 16 18 
12 14 18 
12 11 14 16 18 
25 23 22 
25 13 14 16 22 
17 3 21 
17 18 21 
2 1 3 10 
2 7 4 10 
25 13 14 6 
25 23 10 6 
17 18 19 
17 3 22 19 
19 18 23 
19 22 23 
