6 9 4 
6 10 4 
1 8 5 
1 3 10 6 5 
7 3 10 14 13 
7 4 9 14 12 13 
17 3 
17 10 3 
12 14 10 
12 11 14 6 10 
8 6 14 13 
8 1 3 10 14 12 13 
24 23 22 
24 25 23 18 22 
6 10 
6 9 10 
13 25 24 
13 14 23 24 
2 1 8 6 
2 7 3 10 6 
14 23 
14 10 23 
4 3 16 
4 9 14 16 
14 10 
14 6 10 
14 10 3 
14 16 3 
17 10 23 25 
17 14 13 25 
1 3 10 23 
1 7 3 18 23 
9 6 15 
9 14 11 15 
9 4 3 21 
9 14 18 21 
3 10 14 12 
3 16 14 11 12 
21 18 14 
21 3 10 14 
8 1 3 17 
8 6 10 17 
14 11 
14 12 11 
11 14 10 
11 15 6 10 
25 13 14 9 
25 23 10 9 
16 3 1 8 
16 14 6 8 
4 3 22 
4 10 23 22 
1 3 22 
1 7 3 16 22 
8 1 3 18 
8 6 14 18 
19 18 3 1 2 
19 22 3 7 2 
8 6 14 12 
8 5 6 15 11 12 
22 3 10 
22 23 10 
4 3 18 
4 9 14 18 
11 14 18 21 
11 12 14 10 3 21 
24 23 18 21 
24 25 23 10 3 21 
6 14 18 
6 10 3 18 
12 11 
12 14 11 
9 6 5 
9 4 7 8 5 
2 1 3 10 14 
2 7 3 16 14 
6 8 7 
6 9 4 7 
15 11 12 
15 6 14 12 
6 14 16 
6 10 3 16 
6 14 18 20 
6 10 3 21 20 
16 14 12 
16 17 14 11 12 
14 16 
14 17 16 
22 16 14 
22 18 14 
9 14 16 
9 4 3 16 
15 6 14 
15 11 14 
18 23 24 
18 14 13 25 24 
16 3 7 
16 14 6 8 7 
10 14 13 
10 23 25 13 
3 10 23 25 
3 16 14 13 25 
16 3 1 8 
16 14 6 8 
3 22 
3 16 22 
23 10 9 
23 14 9 
5 6 9 4 
5 8 7 4 
14 6 8 
14 9 4 7 8 
4 7 2 
4 3 1 2 
8 6 14 11 
8 5 6 15 11 
14 23 
14 10 23 
2 1 3 21 
2 7 3 18 21 
17 14 12 
17 10 14 11 12 
6 8 1 2 
6 5 8 7 2 
24 23 10 3 1 
24 25 13 14 6 8 1 
4 3 18 19 
4 7 3 22 19 
9 6 15 
9 14 11 15 
10 6 5 
10 3 1 8 5 
5 8 1 
5 6 8 7 1 
1 3 4 9 
1 8 6 9 
6 10 3 21 
6 14 18 21 
5 6 10 3 
5 8 1 3 
18 3 7 
18 14 6 8 7 
14 23 24 
14 13 25 24 
1 2 
1 7 2 
18 14 6 5 
18 3 1 8 5 
3 1 
3 7 1 
22 23 
22 18 23 
4 9 
4 10 9 
15 6 10 3 22 
15 11 14 16 22 
2 1 3 
2 7 3 
4 9 14 11 
4 10 6 15 11 
17 3 22 
17 16 22 
7 4 9 
7 3 10 9 
25 23 10 4 
25 13 14 9 4 
13 14 18 
13 25 23 18 
21 3 22 
21 18 22 
8 1 3 18 19 
8 7 3 22 19 
16 18 19 
16 22 19 
14 18 19 
14 16 22 19 
4 10 
4 3 10 
5 6 10 23 
5 8 6 14 23 
5 8 1 2 
5 6 8 7 2 
12 14 6 8 1 
12 11 14 10 3 1 
13 12 
13 14 12 
8 1 3 21 
8 6 14 18 21 
11 14 23 24 
11 12 13 25 24 
24 23 18 21 
24 25 23 10 3 21 
20 18 3 1 8 
20 21 3 7 8 
20 18 23 
20 21 3 10 23 
19 18 23 25 
19 22 23 24 25 
17 3 1 2 
17 10 3 7 2 
2 1 3 21 
2 7 3 18 21 
8 6 14 12 
8 5 6 15 11 12 
20 18 
20 21 18 
14 10 3 
14 16 3 
5 6 14 11 
5 8 6 15 11 
5 6 10 
5 8 1 3 10 
21 3 1 8 
21 18 3 7 8 
2 1 3 10 23 24 
2 7 3 18 23 25 24 
12 14 10 3 
12 11 14 16 3 
15 6 10 3 21 
15 11 14 18 21 
19 18 23 24 
19 22 23 25 24 
4 3 18 
4 9 14 18 
4 10 23 
4 3 18 23 
14 6 5 
14 9 6 8 5 
23 14 12 
23 25 13 12 
19 18 14 6 5 
19 22 3 1 8 5 
7 3 10 23 
7 1 3 18 23 
8 1 3 18 20 
8 7 3 21 20 
25 23 18 
25 13 14 18 
13 14 16 22 
13 25 23 22 
13 25 24 
13 14 23 24 
2 1 3 18 19 
2 7 3 22 19 
6 10 23 25 
6 14 13 25 
15 6 14 18 
15 11 14 16 18 
1 3 21 
1 7 3 18 21 
23 10 3 
23 18 3 
21 3 17 
21 18 17 
17 10 9 
17 14 9 
7 3 
7 1 3 
11 14 9 4 
11 12 14 10 4 
3 10 23 25 
3 16 14 13 25 
6 14 18 19 
6 10 3 22 19 
24 25 13 
24 23 14 13 
25 13 14 16 
25 23 18 16 
20 18 14 
20 21 3 10 14 
7 1 
7 2 1 
23 18 19 
23 22 19 
13 25 24 
13 14 23 24 
6 8 7 
6 9 4 7 
10 6 
10 9 6 
21 18 23 24 
21 3 10 23 25 24 
22 3 1 2 
22 16 3 7 2 
3 10 23 25 
3 16 14 13 25 
9 14 12 
9 6 14 11 12 
19 18 3 4 
19 22 3 7 4 
14 9 4 
14 10 4 
4 9 14 11 
4 10 6 15 11 
9 10 23 25 
9 14 13 25 
19 18 21 
19 22 3 21 
2 1 8 6 
2 7 3 10 6 
12 14 16 
12 11 14 17 16 
22 3 1 8 
22 16 3 7 8 
3 4 
3 7 4 
12 14 6 8 1 
12 11 14 10 3 1 
23 14 12 
23 25 13 12 
16 14 6 15 
16 17 14 11 15 
23 24 
23 25 24 
16 3 1 8 
16 14 6 8 
24 23 14 11 
24 25 13 12 11 
25 23 10 4 
25 13 14 9 4 
21 18 19 
21 3 22 19 
9 4 
9 10 4 
12 14 
12 11 14 
12 14 23 
12 13 25 23 
5 6 10 23 24 
5 8 6 14 13 25 24 
7 3 10 23 24 
7 1 3 18 23 25 24 
3 10 23 
3 18 23 
11 14 6 8 1 2 
11 12 14 9 4 7 2 
20 18 23 
20 21 3 10 23 
22 16 14 11 
22 18 14 12 11 
18 14 6 5 
18 3 1 8 5 
20 18 3 
20 21 3 
5 6 9 
5 8 6 10 9 
16 14 11 
16 17 14 12 11 
6 14 16 
6 10 3 16 
8 6 15 
8 5 6 14 11 15 
24 23 10 6 8 
24 25 13 14 6 5 8 
15 6 5 
15 11 14 6 8 5 
18 14 9 
18 3 4 9 
6 10 23 24 
6 14 13 25 24 
5 6 14 16 
5 8 1 3 16 
22 3 
22 16 3 
14 6 8 1 
14 10 3 1 
9 14 13 
9 6 14 12 13 
25 23 10 3 1 
25 13 14 6 8 1 
10 6 15 
10 14 11 15 
11 14 18 20 
11 12 14 10 3 21 20 
13 14 17 
13 12 14 10 17 
6 14 18 19 
6 10 3 22 19 
14 9 
14 6 9 
22 18 
22 3 18 
24 23 14 11 
24 25 13 12 11 
4 3 21 
4 7 3 18 21 
5 6 10 3 
5 8 1 3 
8 1 2 
8 7 2 
2 1 3 10 
2 7 4 10 
11 14 18 21 
11 12 14 10 3 21 
19 18 16 
19 22 16 
2 1 3 10 14 
2 7 3 16 14 
10 6 
10 9 6 
8 5 
8 6 5 
3 10 14 11 
3 16 14 12 11 
20 18 3 4 
20 21 3 7 4 
5 6 14 
5 8 6 9 14 
9 4 3 
9 10 3 
1 3 22 
1 7 3 16 22 
21 3 17 
21 18 17 
18 3 4 
18 14 9 4 
25 13 14 17 
25 23 10 17 
24 25 
24 23 25 
17 3 21 
17 18 21 
6 14 18 
6 10 3 18 
17 18 
17 3 18 
10 3 18 19 
10 23 22 19 
23 10 3 
23 18 3 
23 10 4 
23 14 9 4 
21 18 23 24 
21 3 10 23 25 24 
16 3 7 
16 14 6 8 7 
3 16 
3 17 16 
2 1 3 16 
2 7 3 17 16 
11 14 16 
11 12 14 17 16 
3 10 6 
3 1 8 6 
5 6 
5 8 6 
17 10 6 5 
17 3 1 8 5 
15 6 10 23 25 
15 11 12 13 25 
2 1 
2 7 1 
18 17 
18 3 17 
19 18 23 24 
19 22 23 25 24 
21 18 23 24 
21 3 10 23 25 24 
1 3 10 23 25 
1 8 6 14 13 25 
12 14 18 21 
12 11 14 10 3 21 
21 3 10 6 15 
21 18 14 11 15 
8 6 14 11 
8 5 6 15 11 
3 7 
3 1 7 
12 14 10 
12 11 14 6 10 
6 14 18 19 
6 10 3 22 19 
17 18 20 
17 3 21 20 
17 3 1 
17 10 3 7 1 
4 3 16 
4 9 14 16 
15 6 5 
15 11 14 6 8 5 
1 3 16 
1 7 3 17 16 
23 10 3 1 2 
23 18 3 7 2 
19 18 14 12 
19 22 16 14 11 12 
7 3 21 
7 1 3 18 21 
20 18 23 24 
20 21 3 10 23 25 24 
9 14 18 19 
9 4 3 22 19 
16 14 12 
16 17 14 11 12 
13 14 9 4 
13 12 14 10 4 
18 14 6 5 
18 3 1 8 5 
22 3 7 
22 16 3 1 7 
8 7 
8 1 7 
18 3 1 
18 14 6 8 1 
14 10 
14 6 10 
1 8 6 15 
1 3 10 14 11 15 
11 14 16 22 
11 12 14 18 22 
10 14 12 
10 6 14 11 12 
13 14 18 21 
13 12 14 10 3 21 
15 6 10 23 25 
15 11 12 13 25 
1 3 10 14 11 
1 8 6 15 11 
23 10 3 1 2 
23 18 3 7 2 
13 14 6 8 1 2 
13 12 14 9 4 7 2 
11 14 9 
11 15 6 9 
9 4 
9 10 4 
14 16 
14 17 16 
3 18 19 
3 22 19 
15 6 10 3 
15 11 14 16 3 
5 6 15 
5 8 6 14 11 15 
1 3 16 
1 7 3 17 16 
12 14 9 4 
12 11 14 10 4 
3 10 23 24 
3 18 23 25 24 
24 23 10 3 
24 25 23 18 3 
25 13 14 9 
25 23 10 9 
13 14 17 
13 12 14 10 17 
20 18 14 
20 21 3 10 14 
15 6 10 17 
15 11 14 17 
3 17 
3 10 17 
14 16 22 
14 18 22 
23 14 11 
23 10 6 15 11 
15 6 9 4 
15 11 14 10 4 
8 1 3 18 20 
8 7 3 21 20 
11 14 10 
11 15 6 10 
20 21 
20 18 21 
18 21 
18 3 21 
20 18 3 
20 21 3 
16 3 
16 17 3 
22 3 1 8 
22 16 3 7 8 
14 6 
14 9 6 
25 23 10 3 1 
25 13 14 6 8 1 
15 6 10 17 
15 11 14 17 
19 18 21 
19 22 3 21 
1 3 10 23 24 
1 7 3 18 23 25 24 
6 9 4 
6 10 4 
23 25 
23 24 25 
11 14 23 
11 12 13 25 23 
16 14 6 5 
16 3 1 8 5 
12 13 25 24 
12 14 23 24 
13 14 6 8 7 
13 12 14 9 4 7 
16 3 4 
16 14 9 4 
16 3 1 8 
16 14 6 8 
5 6 10 3 21 
5 8 1 3 18 21 
3 17 
3 10 17 
10 3 1 
10 4 7 1 
7 1 
7 2 1 
9 6 
9 10 6 
24 23 10 6 8 
24 25 13 14 6 5 8 
1 3 4 9 
1 8 6 9 
23 14 
23 10 14 
9 14 
9 6 14 
16 3 7 
16 14 6 8 7 
15 6 9 
15 11 14 9 
22 3 7 
22 16 3 1 7 
22 23 24 
22 18 23 25 24 
6 10 3 22 
6 14 16 22 
22 23 24 
22 18 23 25 24 
7 4 
7 3 4 
4 3 
4 7 3 
5 8 1 
5 6 8 7 1 
18 3 10 
18 14 10 
2 7 
2 1 7 
2 1 3 16 
2 7 3 17 16 
18 3 1 
18 14 6 8 1 
8 1 3 
8 7 3 
20 18 23 24 
20 21 3 10 23 25 24 
11 12 13 25 
11 14 23 25 
6 10 23 25 
6 14 13 25 
6 9 
6 10 9 
16 3 1 
16 14 6 8 1 
19 18 14 9 
19 22 3 4 9 
11 15 
11 14 6 15 
20 18 23 24 
20 21 3 10 23 25 24 
10 14 12 
10 6 14 11 12 
24 23 18 20 
24 25 13 14 18 21 20 
21 3 10 6 
21 18 14 6 
24 23 14 11 
24 25 13 12 11 
11 12 
11 14 12 
21 3 10 6 
21 18 14 6 
4 3 21 
4 7 3 18 21 
1 3 21 
1 7 3 18 21 
23 24 
23 25 24 
21 3 10 6 
21 18 14 6 
1 8 5 
1 3 10 6 5 
15 6 8 1 
15 11 14 10 3 1 
21 18 23 24 
21 3 10 23 25 24 
14 23 24 
14 13 25 24 
25 13 12 11 15 
25 23 10 6 15 
24 23 10 9 
24 25 13 14 9 
25 23 18 21 
25 13 14 10 3 21 
22 16 
22 3 16 
19 18 23 25 
19 22 23 24 25 
16 3 1 
16 14 6 8 1 
20 18 22 
20 21 3 22 
14 23 
14 10 23 
17 18 
17 3 18 
10 14 11 
10 6 15 11 
12 14 6 8 1 2 
12 11 14 9 4 7 2 
16 14 6 5 
16 3 1 8 5 
18 3 1 2 
18 16 3 7 2 
17 3 7 
17 10 4 7 
18 14 6 15 
18 16 14 11 15 
12 13 25 
12 14 23 25 
22 3 10 6 15 
22 16 14 11 15 
7 3 16 
7 1 3 17 16 
24 23 18 
24 25 13 14 18 
12 14 18 20 
12 11 14 10 3 21 20 
9 6 8 
9 4 7 8 
3 10 14 
3 16 14 
19 18 14 6 5 
19 22 3 1 8 5 
10 14 
10 6 14 
4 9 
4 10 9 
25 23 18 
25 13 14 18 
16 3 21 
16 18 21 
7 3 18 19 
7 1 3 22 19 
16 18 
16 3 18 
20 18 23 24 
20 21 3 10 23 25 24 
25 23 10 
25 13 14 10 
6 14 12 
6 15 11 12 
21 18 14 11 
21 3 10 6 15 11 
25 23 22 
25 13 14 16 22 
7 3 18 
7 1 3 16 18 
9 14 18 
9 4 3 18 
17 10 6 15 
17 14 11 15 
18 23 
18 14 23 
13 14 16 22 
13 25 23 22 
24 23 10 17 
24 25 13 14 17 
17 10 9 
17 14 9 
12 14 6 8 7 
12 11 14 9 4 7 
12 14 9 4 
12 11 14 10 4 
4 9 
4 10 9 
9 14 11 
9 6 15 11 
22 3 10 
22 23 10 
21 18 14 13 
21 3 10 14 12 13 
23 10 6 
23 14 6 
16 3 
16 17 3 
14 6 5 
14 9 6 8 5 
25 23 10 3 
25 13 14 16 3 
2 1 3 10 14 11 
2 7 8 6 15 11 
18 17 
18 3 17 
5 6 10 23 
5 8 6 14 23 
4 10 23 24 
4 3 18 23 25 24 
14 6 15 
14 11 15 
6 8 7 
6 9 4 7 
3 1 8 
3 7 8 
8 1 3 17 
8 6 10 17 
14 6 
14 9 6 
9 14 13 
9 6 14 12 13 
24 23 14 
24 25 13 14 
6 10 17 
6 14 17 
9 10 
9 4 10 
24 25 13 
24 23 14 13 
20 18 3 1 8 
20 21 3 7 8 
12 14 16 22 
12 11 14 18 22 
7 8 5 
7 1 8 6 5 
9 4 3 21 
9 14 18 21 
4 3 16 
4 9 14 16 
11 14 6 
11 15 6 
3 10 14 13 
3 16 14 12 13 
12 14 9 4 
12 11 14 10 4 
16 3 10 
16 14 10 
15 6 14 18 
15 11 14 16 18 
20 18 3 7 
20 21 3 1 7 
12 14 6 
12 11 15 6 
24 23 10 3 1 
24 25 13 14 6 8 1 
4 9 14 
4 10 14 
18 14 13 
18 23 25 13 
9 4 7 2 
9 6 8 1 2 
14 11 
14 12 11 
2 1 8 6 
2 7 3 10 6 
24 23 10 3 1 
24 25 13 14 6 8 1 
17 10 
17 3 10 
22 3 21 
22 18 21 
14 23 24 
14 13 25 24 
3 18 
3 16 18 
19 18 14 13 
19 22 23 25 13 
18 3 
18 16 3 
22 3 17 
22 16 17 
15 6 14 13 
15 11 12 13 
19 18 14 9 
19 22 3 4 9 
15 6 10 23 25 
15 11 12 13 25 
11 14 6 8 1 
11 12 14 10 3 1 
24 23 18 21 
24 25 23 10 3 21 
21 18 23 25 
21 3 10 14 13 25 
23 10 17 
23 14 17 
8 6 15 
8 5 6 14 11 15 
10 6 
10 9 6 
22 16 14 11 
22 18 14 12 11 
2 1 3 22 
2 7 3 16 22 
24 23 10 3 7 
24 25 13 14 6 8 7 
18 21 
18 3 21 
6 8 1 2 
6 5 8 7 2 
24 23 14 16 
24 25 23 18 16 
4 7 8 5 
4 9 6 5 
1 8 5 
1 3 10 6 5 
8 6 14 11 
8 5 6 15 11 
3 10 14 13 
3 16 14 12 13 
25 13 12 11 
25 23 14 11 
13 25 24 
13 14 23 24 
20 18 14 12 
20 21 3 10 14 11 12 
3 10 23 
3 18 23 
9 14 18 20 
9 4 3 21 20 
4 3 16 
4 9 14 16 
24 23 14 12 
24 25 13 12 
4 9 6 
4 10 6 
9 14 18 19 
9 4 3 22 19 
3 21 
3 18 21 
23 22 
23 18 22 
25 13 14 
25 23 14 
25 13 14 17 
25 23 10 17 
12 14 6 8 7 
12 11 14 9 4 7 
2 1 3 22 
2 7 3 16 22 
8 1 3 21 
8 6 14 18 21 
1 3 10 23 25 
1 8 6 14 13 25 
21 3 1 8 
21 18 3 7 8 
12 14 18 20 
12 11 14 10 3 21 20 
21 3 17 
21 18 17 
22 3 1 8 
22 16 3 7 8 
4 3 1 
4 7 1 
22 3 4 9 
22 16 14 9 
25 13 14 9 
25 23 10 9 
6 10 
6 9 10 
5 6 9 4 
5 8 7 4 
15 6 14 18 20 
15 11 14 10 3 21 20 
14 13 25 
14 23 25 
8 1 3 21 
8 6 14 18 21 
13 14 6 8 7 
13 12 14 9 4 7 
3 1 8 
3 7 8 
8 7 
8 1 7 
9 10 23 24 
9 14 13 25 24 
11 14 10 3 
11 12 14 16 3 
16 3 21 
16 18 21 
21 3 1 2 
21 18 3 7 2 
24 23 10 4 
24 25 13 14 9 4 
3 7 
3 1 7 
12 14 9 
12 11 14 6 9 
9 4 7 2 
9 6 8 1 2 
25 23 18 
25 13 14 18 
8 6 10 23 24 
8 1 3 18 23 25 24 
25 13 14 16 
25 23 18 16 
13 14 23 
13 25 23 
12 14 18 
12 11 14 16 18 
22 23 
22 18 23 
15 6 8 7 
15 11 14 9 4 7 
17 3 21 
17 18 21 
11 14 6 8 1 
11 12 14 10 3 1 
22 23 
22 18 23 
4 3 18 20 
4 7 3 21 20 
17 10 9 
17 14 9 
5 6 14 11 
5 8 6 15 11 
3 7 
3 1 7 
10 23 
10 14 23 
10 6 8 
10 3 1 8 
16 14 12 
16 17 14 11 12 
20 18 16 
20 21 3 16 
21 20 
21 18 20 
3 18 
3 16 18 
16 18 
16 3 18 
9 10 17 
9 14 17 
16 14 23 24 
16 18 23 25 24 
13 14 6 8 
13 12 11 15 6 5 8 
10 9 
10 4 9 
10 23 25 
10 14 13 25 
4 10 23 25 
4 9 14 13 25 
8 6 15 
8 5 6 14 11 15 
8 1 3 17 
8 6 10 17 
12 14 9 
12 11 14 6 9 
12 14 16 
12 11 14 17 16 
6 14 18 
6 10 3 18 
19 18 14 13 
19 22 23 25 13 
21 3 4 
21 18 3 7 4 
2 7 
2 1 7 
21 18 23 24 
21 3 10 23 25 24 
15 6 14 
15 11 14 
9 10 23 25 
9 14 13 25 
19 18 3 1 
19 22 3 7 1 
8 1 3 22 
8 6 10 23 22 
18 14 
18 16 14 
12 14 10 
12 11 14 6 10 
11 14 23 24 
11 12 13 25 24 
5 6 14 18 20 
5 8 1 3 21 20 
7 4 
7 3 4 
9 4 3 1 
9 6 8 1 
24 23 10 4 
24 25 13 14 9 4 
14 9 
14 6 9 
9 4 
9 10 4 
17 14 12 
17 10 14 11 12 
5 6 14 18 19 
5 8 1 3 22 19 
20 18 14 13 
20 21 18 23 25 13 
4 9 6 15 
4 10 14 11 15 
19 18 20 
19 22 3 21 20 
18 23 24 
18 14 13 25 24 
1 3 21 
1 7 3 18 21 
16 14 23 
16 18 23 
16 3 10 
16 14 10 
16 14 9 
16 3 4 9 
16 14 23 24 
16 18 23 25 24 
23 10 6 15 
23 14 11 15 
17 18 
17 3 18 
8 5 
8 6 5 
22 3 4 9 
22 16 14 9 
13 14 23 
13 25 23 
19 18 14 13 
19 22 23 25 13 
2 1 3 18 
2 7 3 16 18 
20 18 19 
20 21 3 22 19 
7 1 
7 2 1 
13 12 
13 14 12 
15 6 14 16 
15 11 14 17 16 
9 4 3 
9 10 3 
10 6 15 
10 14 11 15 
3 10 
3 4 10 
17 10 6 15 
17 14 11 15 
7 3 16 
7 1 3 17 16 
6 10 3 22 
6 14 16 22 
13 14 6 
13 12 11 15 6 
1 3 10 14 11 
1 8 6 15 11 
21 18 23 
21 3 10 23 
1 3 10 14 
1 8 6 14 
8 1 3 18 20 
8 7 3 21 20 
4 10 23 25 
4 9 14 13 25 
1 7 
1 2 7 
16 14 11 
16 17 14 12 11 
11 15 
11 14 6 15 
20 18 23 
20 21 3 10 23 
7 8 6 
7 3 10 6 
5 8 1 
5 6 8 7 1 
12 14 10 
12 11 14 6 10 
15 6 5 
15 11 14 6 8 5 
21 3 4 9 
21 18 14 9 
12 14 6 8 7 
12 11 14 9 4 7 
22 3 10 
22 23 10 
11 14 23 24 
11 12 13 25 24 
4 10 23 25 
4 9 14 13 25 
25 13 14 6 8 
25 23 10 3 1 8 
20 18 17 
20 21 3 17 
20 18 14 6 
20 21 3 10 6 
19 18 14 6 5 
19 22 3 1 8 5 
15 6 10 3 21 
15 11 14 18 21 
5 8 1 2 
5 6 8 7 2 
9 10 23 25 
9 14 13 25 
24 23 10 3 1 
24 25 13 14 6 8 1 
12 14 10 3 
12 11 14 16 3 
25 23 10 3 1 
25 13 14 6 8 1 
25 23 22 
25 13 14 16 22 
20 18 3 4 
20 21 3 7 4 
15 6 10 17 
15 11 14 17 
5 6 10 3 
5 8 1 3 
22 16 14 11 
22 18 14 12 11 
22 3 10 6 
22 16 14 6 
14 23 
14 10 23 
4 3 22 
4 10 23 22 
19 18 23 24 
19 22 23 25 24 
10 6 8 
10 3 1 8 
15 6 10 3 22 
15 11 14 16 22 
12 14 17 
12 11 14 10 17 
12 14 18 20 
12 11 14 10 3 21 20 
10 3 16 
10 14 16 
2 7 4 
2 1 3 4 
9 14 12 
9 6 14 11 12 
22 3 1 
22 16 3 7 1 
8 1 3 18 
8 6 14 18 
20 18 3 10 
20 21 3 4 10 
13 25 
13 14 23 25 
25 23 18 19 
25 24 23 22 19 
13 14 
13 12 14 
20 18 3 1 8 
20 21 3 7 8 
10 14 13 
10 23 25 13 
19 18 3 1 
19 22 3 7 1 
9 10 23 25 
9 14 13 25 
15 6 14 18 
15 11 14 16 18 
14 18 
14 16 18 
5 8 
5 6 8 
13 14 6 
13 12 11 15 6 
22 23 
22 18 23 
24 23 10 
24 25 13 14 10 
13 12 11 
13 14 11 
6 14 18 20 
6 10 3 21 20 
11 14 16 22 
11 12 14 18 22 
24 23 18 20 
24 25 13 14 18 21 20 
3 1 
3 7 1 
25 23 
25 24 23 
11 14 18 21 
11 12 14 10 3 21 
3 17 
3 10 17 
6 14 18 20 
6 10 3 21 20 
21 3 16 
21 18 16 
21 3 17 
21 18 17 
5 6 10 23 24 
5 8 6 14 13 25 24 
12 14 18 19 
12 11 14 16 22 19 
21 3 1 8 5 
21 18 14 6 5 
8 5 
8 6 5 
4 9 6 
4 10 6 
15 6 8 1 2 
15 11 14 9 4 7 2 
13 14 17 
13 12 14 10 17 
10 3 18 20 
10 4 3 21 20 
12 14 17 
12 11 14 10 17 
20 18 3 1 8 
20 21 3 7 8 
25 13 14 6 5 
25 23 10 6 8 5 
6 8 1 
6 10 3 1 
21 18 19 
21 3 22 19 
1 8 6 15 
1 3 10 14 11 15 
16 14 6 
16 3 10 6 
12 13 25 24 
12 14 23 24 
24 23 14 16 
24 25 23 18 16 
14 12 
14 11 12 
22 3 21 
22 18 21 
24 23 10 3 7 
24 25 13 14 6 8 7 
22 3 1 8 5 
22 16 14 6 5 
22 23 
22 18 23 
15 6 8 1 
15 11 14 10 3 1 
7 3 22 
7 1 3 16 22 
24 23 10 6 15 
24 25 13 12 11 15 
5 6 14 18 
5 8 1 3 18 
16 18 
16 3 18 
21 3 1 
21 18 3 7 1 
7 3 10 14 11 
7 8 6 15 11 
4 9 14 11 
4 10 6 15 11 
3 7 
3 1 7 
24 23 10 6 8 
24 25 13 14 6 5 8 
25 23 
25 24 23 
7 3 10 14 13 
7 4 9 14 12 13 
6 10 17 
6 14 17 
21 3 4 9 
21 18 14 9 
11 14 18 19 
11 12 14 16 22 19 
25 23 
25 24 23 
4 9 6 15 
4 10 14 11 15 
23 10 6 8 
23 14 6 5 8 
20 18 22 
20 21 3 22 
4 10 
4 3 10 
9 4 3 1 
9 6 8 1 
3 10 23 25 
3 16 14 13 25 
5 6 14 18 19 
5 8 1 3 22 19 
16 18 19 
16 22 19 
20 18 14 12 
20 21 3 10 14 11 12 
21 18 14 13 
21 3 10 14 12 13 
6 10 3 22 
6 14 16 22 
15 6 14 18 
15 11 14 16 18 
10 3 16 
10 14 16 
15 6 10 
15 11 14 10 
1 3 10 14 
1 8 6 14 
19 18 14 6 5 
19 22 3 1 8 5 
9 6 
9 10 6 
24 23 10 9 
24 25 13 14 9 
3 10 23 25 
3 16 14 13 25 
10 17 
10 3 17 
7 3 10 23 24 
7 1 3 18 23 25 24 
6 14 18 
6 10 3 18 
8 1 3 17 
8 6 10 17 
4 9 14 12 
4 10 14 11 12 
8 1 
8 7 1 
10 6 5 
10 3 1 8 5 
7 3 10 
7 4 10 
15 6 10 3 21 
15 11 14 18 21 
21 3 
21 18 3 
23 10 4 
23 14 9 4 
12 14 16 22 
12 11 14 18 22 
13 14 18 19 
13 25 23 22 19 
20 18 
20 21 18 
21 3 17 
21 18 17 
8 6 10 23 25 
8 5 6 14 13 25 
21 18 23 
21 3 10 23 
7 3 18 19 
7 1 3 22 19 
16 3 10 
16 14 10 
11 12 13 25 
11 14 23 25 
2 1 3 22 
2 7 3 16 22 
3 1 
3 7 1 
16 18 19 
16 22 19 
2 1 3 10 14 
2 7 3 16 14 
6 14 11 
6 15 11 
16 3 7 
16 14 6 8 7 
11 12 13 
11 14 13 
22 23 
22 18 23 
1 3 17 
1 7 3 10 17 
5 6 9 
5 8 6 10 9 
23 18 19 
23 22 19 
9 14 13 
9 6 14 12 13 
24 23 10 6 5 
24 25 13 14 6 8 5 
24 23 10 3 7 
24 25 13 14 6 8 7 
14 6 5 
14 9 6 8 5 
23 18 
23 14 18 
17 10 23 
17 14 23 
17 10 6 
17 14 6 
8 1 3 22 
8 6 10 23 22 
13 14 6 8 7 
13 12 14 9 4 7 
20 18 3 
20 21 3 
1 3 10 23 24 
1 7 3 18 23 25 24 
17 10 9 
17 14 9 
2 7 4 
2 1 3 4 
16 3 10 
16 14 10 
13 14 16 
13 12 14 17 16 
21 3 22 
21 18 22 
20 18 
20 21 18 
5 6 10 3 21 
5 8 1 3 18 21 
22 3 10 6 15 
22 16 14 11 15 
18 14 9 
18 3 4 9 
13 12 11 15 
13 14 6 15 
21 18 14 
21 3 10 14 
10 3 18 20 
10 4 3 21 20 
21 18 14 13 
21 3 10 14 12 13 
20 18 3 1 8 
20 21 3 7 8 
25 23 10 3 7 
25 13 14 6 8 7 
17 10 9 
17 14 9 
8 6 10 23 
8 1 3 18 23 
15 6 14 18 
15 11 14 16 18 
25 23 10 3 7 
25 13 14 6 8 7 
13 14 9 
13 12 14 6 9 
16 3 1 2 
16 17 3 7 2 
12 14 6 8 1 
12 11 14 10 3 1 
10 3 21 
10 14 18 21 
17 10 23 24 
17 14 13 25 24 
23 10 
23 14 10 
21 3 7 
21 18 3 1 7 
22 3 7 
22 16 3 1 7 
25 23 18 
25 13 14 18 
12 14 18 19 
12 11 14 16 22 19 
9 4 7 
9 6 8 7 
11 14 10 
11 15 6 10 
11 14 18 
11 12 14 16 18 
4 9 14 13 
4 10 14 12 13 
24 23 10 3 7 
24 25 13 14 6 8 7 
13 25 24 
13 14 23 24 
2 1 3 16 
2 7 3 17 16 
8 1 3 21 
8 6 14 18 21 
5 8 1 2 
5 6 8 7 2 
8 7 
8 1 7 
14 9 
14 6 9 
1 3 10 23 
1 7 3 18 23 
22 16 14 13 
22 23 25 13 
9 6 15 
9 14 11 15 
17 3 
17 10 3 
22 16 14 13 
22 23 25 13 
11 14 9 4 
11 12 14 10 4 
10 3 18 20 
10 4 3 21 20 
3 22 
3 16 22 
2 1 8 6 
2 7 3 10 6 
4 9 14 13 
4 10 14 12 13 
3 10 23 24 
3 18 23 25 24 
12 13 25 
12 14 23 25 
13 14 18 
13 25 23 18 
22 3 
22 16 3 
12 14 6 8 1 2 
12 11 14 9 4 7 2 
8 6 14 11 
8 5 6 15 11 
5 8 
5 6 8 
7 3 18 19 
7 1 3 22 19 
9 14 16 
9 4 3 16 
8 6 14 12 
8 5 6 15 11 12 
24 23 14 12 
24 25 13 12 
13 14 10 
13 25 23 10 
5 6 14 12 
5 8 6 15 11 12 
19 18 14 12 
19 22 16 14 11 12 
19 18 16 
19 22 16 
25 23 10 3 1 2 
25 13 14 6 8 7 2 
24 23 22 
24 25 23 18 22 
10 23 25 
10 14 13 25 
20 18 14 
20 21 3 10 14 
6 14 13 
6 9 14 12 13 
14 6 8 1 
14 10 3 1 
20 18 14 6 
20 21 3 10 6 
23 18 
23 14 18 
7 3 10 23 24 
7 1 3 18 23 25 24 
9 4 7 2 
9 6 8 1 2 
10 3 21 
10 14 18 21 
12 14 17 
12 11 14 10 17 
13 14 9 
13 12 14 6 9 
18 3 1 2 
18 16 3 7 2 
9 4 7 
9 6 8 7 
4 10 
4 3 10 
23 18 
23 14 18 
25 23 10 3 
25 13 14 16 3 
14 16 
14 17 16 
7 3 18 
7 1 3 16 18 
23 10 17 
23 14 17 
11 14 9 4 
11 12 14 10 4 
10 17 
10 3 17 
9 4 3 
9 10 3 
25 23 
25 24 23 
5 8 
5 6 8 
11 14 10 
11 15 6 10 
12 14 10 
12 11 14 6 10 
23 10 6 15 
23 14 11 15 
6 8 
6 5 8 
15 6 14 18 
15 11 14 16 18 
5 8 7 
5 6 8 1 7 
4 7 2 
4 3 1 2 
6 14 13 
6 9 14 12 13 
7 3 22 
7 1 3 16 22 
9 10 23 25 
9 14 13 25 
7 8 5 
7 1 8 6 5 
5 6 9 
5 8 6 10 9 
20 18 
20 21 18 
5 6 10 23 
5 8 6 14 23 
25 24 
25 23 24 
11 14 23 
11 12 13 25 23 
1 3 17 
1 7 3 10 17 
9 4 7 
9 6 8 7 
23 10 
23 14 10 
5 8 
5 6 8 
25 13 12 11 15 
25 23 10 6 15 
21 18 14 12 
21 3 10 14 11 12 
9 14 13 
9 6 14 12 13 
25 13 
25 23 14 13 
2 1 3 10 14 11 
2 7 8 6 15 11 
21 18 23 25 
21 3 10 14 13 25 
7 3 18 19 
7 1 3 22 19 
6 14 11 
6 15 11 
4 7 2 
4 3 1 2 
3 18 19 
3 22 19 
23 25 
23 24 25 
1 3 10 23 24 
1 7 3 18 23 25 24 
19 18 3 10 
19 22 23 10 
21 18 19 
21 3 22 19 
1 3 22 
1 7 3 16 22 
15 6 9 4 
15 11 14 10 4 
25 24 
25 23 24 
12 14 6 8 1 
12 11 14 10 3 1 
8 1 3 18 20 
8 7 3 21 20 
16 3 4 
16 14 9 4 
19 18 3 1 2 
19 22 3 7 2 
3 16 
3 17 16 
2 1 3 16 
2 7 3 17 16 
25 23 22 
25 13 14 16 22 
2 1 3 18 
2 7 3 16 18 
2 1 3 10 23 24 
2 7 3 18 23 25 24 
21 3 4 9 
21 18 14 9 
16 17 
16 3 17 
16 3 
16 17 3 
17 10 6 
17 14 6 
19 18 14 13 
19 22 23 25 13 
19 18 14 
19 22 16 14 
25 13 14 6 5 
25 23 10 6 8 5 
4 7 8 
4 3 1 8 
25 13 14 16 
25 23 18 16 
10 3 1 
10 4 7 1 
11 14 9 
11 15 6 9 
14 17 
14 10 17 
23 10 3 7 
23 14 6 8 7 
14 16 
14 17 16 
14 18 
14 16 18 
7 3 10 14 
7 4 9 14 
1 8 6 15 
1 3 10 14 11 15 
17 18 19 
17 3 22 19 
23 14 12 
23 25 13 12 
13 14 18 21 
13 12 14 10 3 21 
17 18 20 
17 3 21 20 
11 14 9 
11 15 6 9 
3 10 23 25 
3 16 14 13 25 
11 14 10 
11 15 6 10 
24 23 14 16 
24 25 23 18 16 
10 3 18 20 
10 4 3 21 20 
17 3 21 
17 18 21 
19 18 14 6 5 
19 22 3 1 8 5 
16 18 19 
16 22 19 
13 14 16 
13 12 14 17 16 
8 6 14 13 
8 1 3 10 14 12 13 
23 10 3 1 2 
23 18 3 7 2 
20 18 23 24 
20 21 3 10 23 25 24 
1 3 18 19 
1 7 3 22 19 
24 25 13 
24 23 14 13 
24 23 22 
24 25 23 18 22 
23 14 13 
23 25 13 
8 1 3 22 
8 6 10 23 22 
12 14 16 22 
12 11 14 18 22 
13 14 23 
13 25 23 
3 10 
3 4 10 
4 3 16 
4 9 14 16 
13 12 11 
13 14 11 
25 13 14 9 
25 23 10 9 
15 6 9 4 
15 11 14 10 4 
22 3 7 
22 16 3 1 7 
16 3 1 2 
16 17 3 7 2 
13 14 6 8 
13 12 11 15 6 5 8 
16 14 12 
16 17 14 11 12 
14 16 22 
14 18 22 
15 6 10 23 
15 11 14 23 
9 4 3 21 
9 14 18 21 
20 18 14 6 15 
20 21 3 10 14 11 15 
24 23 10 3 
24 25 23 18 3 
11 14 10 
11 15 6 10 
14 6 5 
14 9 6 8 5 
16 14 23 24 
16 18 23 25 24 
17 10 6 15 
17 14 11 15 
1 3 10 23 
1 7 3 18 23 
21 3 
21 18 3 
12 14 10 3 
12 11 14 16 3 
13 14 10 
13 25 23 10 
13 25 
13 14 23 25 
15 6 10 3 22 
15 11 14 16 22 
7 8 
7 1 8 
19 18 14 
19 22 16 14 
10 3 
10 4 3 
15 6 14 18 
15 11 14 16 18 
21 18 23 24 
21 3 10 23 25 24 
9 14 
9 6 14 
2 1 3 17 
2 7 3 10 17 
8 6 14 
8 1 3 10 14 
22 3 1 8 
22 16 3 7 8 
13 14 10 3 
13 12 14 16 3 
10 14 12 
10 6 14 11 12 
6 14 12 
6 15 11 12 
4 10 23 25 
4 9 14 13 25 
6 10 3 22 
6 14 16 22 
6 8 1 
6 10 3 1 
6 10 3 22 
6 14 16 22 
17 10 6 
17 14 6 
23 10 4 
23 14 9 4 
24 23 14 11 
24 25 13 12 11 
2 7 4 9 
2 1 3 10 9 
24 23 18 21 
24 25 23 10 3 21 
6 5 
6 8 5 
11 14 18 21 
11 12 14 10 3 21 
18 23 
18 14 23 
6 8 7 
6 9 4 7 
4 9 14 12 
4 10 14 11 12 
3 4 9 
3 10 9 
20 18 23 25 
20 21 18 14 13 25 
15 6 8 7 
15 11 14 9 4 7 
7 3 10 14 12 
7 4 9 14 11 12 
8 6 10 
8 1 3 10 
10 14 11 
10 6 15 11 
1 3 10 14 12 
1 8 6 14 11 12 
11 14 6 8 7 
11 12 14 9 4 7 
23 10 6 15 
23 14 11 15 
18 14 13 
18 23 25 13 
1 8 6 
1 3 10 6 
12 14 18 
12 11 14 16 18 
16 3 4 
16 14 9 4 
17 10 6 
17 14 6 
15 6 10 3 22 
15 11 14 16 22 
20 18 23 24 
20 21 3 10 23 25 24 
17 14 
17 10 14 
16 3 7 
16 14 6 8 7 
24 23 14 
24 25 13 14 
17 14 13 
17 10 14 12 13 
15 6 8 1 
15 11 14 10 3 1 
17 10 23 25 
17 14 13 25 
23 10 9 
23 14 9 
5 6 10 23 
5 8 6 14 23 
7 3 17 
7 4 10 17 
18 21 
18 3 21 
13 12 11 15 
13 14 6 15 
19 18 14 12 
19 22 16 14 11 12 
19 18 14 6 15 
19 22 16 14 11 15 
7 3 22 
7 1 3 16 22 
13 14 6 5 
13 12 11 15 6 8 5 
