18 3 4 
18 14 9 4 
24 23 10 3 
24 25 23 18 3 
2 1 3 22 
2 7 3 16 22 
7 3 16 
7 1 3 17 16 
22 18 20 
22 3 21 20 
2 1 
2 7 1 
15 6 14 18 19 
15 11 14 16 22 19 
23 18 21 
23 10 3 21 
19 18 23 
19 22 23 
3 10 23 24 
3 18 23 25 24 
24 23 10 6 8 
24 25 13 14 6 5 8 
11 14 9 
11 15 6 9 
22 23 
22 18 23 
12 14 18 20 
12 11 14 10 3 21 20 
2 1 
2 7 1 
4 10 23 25 
4 9 14 13 25 
14 6 15 
14 11 15 
18 3 1 
18 14 6 8 1 
9 14 18 
9 4 3 18 
13 14 16 
13 12 14 17 16 
9 14 12 
9 6 14 11 12 
10 3 
10 4 3 
6 8 1 
6 10 3 1 
16 3 7 
16 14 6 8 7 
15 6 10 3 22 
15 11 14 16 22 
23 18 
23 14 18 
24 23 18 20 
24 25 13 14 18 21 20 
15 6 9 
15 11 14 9 
4 3 18 19 
4 7 3 22 19 
9 4 3 22 
9 10 23 22 
23 10 6 8 
23 14 6 5 8 
13 14 10 
13 25 23 10 
16 14 13 25 
16 18 23 25 
14 23 
14 10 23 
24 23 14 
24 25 13 14 
4 3 17 
4 10 17 
7 8 
7 1 8 
17 14 13 
17 10 14 12 13 
18 3 7 
18 14 6 8 7 
14 6 
14 9 6 
25 13 14 9 
25 23 10 9 
16 14 12 
16 17 14 11 12 
21 3 10 6 15 
21 18 14 11 15 
3 10 
3 4 10 
23 14 13 
23 25 13 
14 6 5 
14 9 6 8 5 
19 22 
19 18 22 
25 13 12 
25 23 14 12 
3 18 20 
3 21 20 
10 23 24 
10 14 13 25 24 
6 14 16 
6 10 3 16 
3 16 
3 17 16 
5 6 9 4 
5 8 7 4 
5 6 14 18 
5 8 1 3 18 
17 10 
17 3 10 
3 10 14 11 
3 16 14 12 11 
3 1 
3 7 1 
16 3 4 
16 14 9 4 
2 1 3 10 14 11 
2 7 8 6 15 11 
17 10 6 15 
17 14 11 15 
22 3 
22 16 3 
20 18 3 7 
20 21 3 1 7 
7 3 18 
7 1 3 16 18 
8 6 10 
8 1 3 10 
23 10 6 5 
23 14 6 8 5 
11 15 
11 14 6 15 
1 8 5 
1 3 10 6 5 
4 9 
4 10 9 
5 6 15 
5 8 6 14 11 15 
23 18 20 
23 10 3 21 20 
22 16 14 
22 18 14 
3 10 23 25 
3 16 14 13 25 
15 11 12 
15 6 14 12 
2 1 3 16 
2 7 3 17 16 
24 23 18 19 
24 25 23 22 19 
10 3 1 2 
10 4 7 2 
9 10 17 
9 14 17 
17 3 21 
17 18 21 
7 4 9 
7 3 10 9 
3 10 14 11 
3 16 14 12 11 
6 10 23 24 
6 14 13 25 24 
6 14 12 
6 15 11 12 
14 9 4 
14 10 4 
1 3 10 14 13 
1 8 6 14 12 13 
17 10 6 
17 14 6 
16 3 1 
16 14 6 8 1 
14 6 8 1 
14 10 3 1 
16 14 23 24 
16 18 23 25 24 
7 3 10 
7 4 10 
25 13 14 9 
25 23 10 9 
16 14 13 25 
16 18 23 25 
12 14 23 
12 13 25 23 
7 3 
7 1 3 
25 23 10 3 
25 13 14 16 3 
19 18 3 1 2 
19 22 3 7 2 
21 3 10 
21 18 14 10 
8 6 14 11 
8 5 6 15 11 
13 14 18 21 
13 12 14 10 3 21 
7 3 10 23 24 
7 1 3 18 23 25 24 
7 3 22 
7 1 3 16 22 
8 1 3 18 
8 6 14 18 
20 18 23 24 
20 21 3 10 23 25 24 
2 1 3 10 
2 7 4 10 
13 25 
13 14 23 25 
19 18 14 11 
19 22 16 14 12 11 
10 3 18 20 
10 4 3 21 20 
13 14 6 8 
13 12 11 15 6 5 8 
12 14 23 
12 13 25 23 
12 14 6 8 1 2 
12 11 14 9 4 7 2 
1 3 4 
1 7 4 
25 23 10 4 
25 13 14 9 4 
12 14 10 3 
12 11 14 16 3 
18 14 6 5 
18 3 1 8 5 
24 23 14 
24 25 13 14 
6 8 1 
6 10 3 1 
12 14 16 
12 11 14 17 16 
8 1 3 22 
8 6 10 23 22 
1 8 6 
1 3 10 6 
1 3 4 9 
1 8 6 9 
13 14 10 
13 25 23 10 
10 3 1 
10 4 7 1 
19 18 14 6 
19 22 3 10 6 
15 6 10 3 22 
15 11 14 16 22 
17 3 1 8 
17 10 6 8 
15 6 14 
15 11 14 
17 10 9 
17 14 9 
2 1 3 10 14 11 
2 7 8 6 15 11 
14 13 
14 12 13 
11 12 13 
11 14 13 
1 3 10 14 
1 8 6 14 
10 4 
10 3 4 
6 14 11 
6 15 11 
10 3 18 
10 14 18 
19 18 
19 22 18 
22 23 25 
22 16 14 13 25 
3 21 
3 18 21 
9 10 
9 4 10 
9 14 
9 6 14 
17 10 23 
17 14 23 
25 23 10 
25 13 14 10 
19 18 20 
19 22 3 21 20 
1 3 4 
1 7 4 
7 3 10 23 25 
7 4 9 14 13 25 
24 23 10 4 
24 25 13 14 9 4 
12 14 9 4 
12 11 14 10 4 
12 14 6 8 7 
12 11 14 9 4 7 
21 18 
21 3 18 
8 1 3 21 
8 6 14 18 21 
22 16 14 13 
22 23 25 13 
12 14 18 20 
12 11 14 10 3 21 20 
25 23 10 3 
25 13 14 16 3 
17 10 6 
17 14 6 
7 3 18 
7 1 3 16 18 
13 12 
13 14 12 
17 18 19 
17 3 22 19 
18 14 6 15 
18 16 14 11 15 
1 3 21 
1 7 3 18 21 
8 6 10 23 
8 1 3 18 23 
17 3 21 
17 18 21 
7 3 10 23 24 
7 1 3 18 23 25 24 
22 3 10 6 
22 16 14 6 
8 1 3 18 20 
8 7 3 21 20 
14 6 8 1 
14 10 3 1 
19 18 3 10 
19 22 23 10 
15 6 9 4 
15 11 14 10 4 
11 14 17 
11 12 14 10 17 
10 14 13 
10 23 25 13 
21 18 14 13 
21 3 10 14 12 13 
14 18 20 
14 10 3 21 20 
11 14 18 19 
11 12 14 16 22 19 
23 10 4 
23 14 9 4 
23 22 
23 18 22 
18 3 1 
18 14 6 8 1 
22 3 10 6 
22 16 14 6 
5 6 
5 8 6 
4 3 18 20 
4 7 3 21 20 
5 6 14 11 
5 8 6 15 11 
12 14 6 8 7 
12 11 14 9 4 7 
5 6 15 
5 8 6 14 11 15 
20 18 14 6 
20 21 3 10 6 
10 3 16 
10 14 16 
25 23 18 
25 13 14 18 
1 3 10 14 11 
1 8 6 15 11 
15 6 10 23 
15 11 14 23 
9 6 8 
9 4 7 8 
13 14 18 
13 25 23 18 
13 14 6 8 7 
13 12 14 9 4 7 
25 23 10 3 1 
25 13 14 6 8 1 
8 7 
8 1 7 
12 14 18 19 
12 11 14 16 22 19 
22 3 7 
22 16 3 1 7 
21 3 17 
21 18 17 
3 4 
3 7 4 
14 9 
14 6 9 
6 10 23 
6 14 23 
14 18 
14 16 18 
19 18 3 10 
19 22 23 10 
23 10 3 1 2 
23 18 3 7 2 
25 13 
25 23 14 13 
17 10 23 25 
17 14 13 25
18 3 4 
18 14 9 4 
24 23 10 3 
24 25 23 18 3 
2 1 3 22 
2 7 3 16 22 
7 3 16 
7 1 3 17 16 
22 18 20 
22 3 21 20 
2 1 
2 7 1 
15 6 14 18 19 
15 11 14 16 22 19 
23 18 21 
23 10 3 21 
19 18 23 
19 22 23 
3 10 23 24 
3 18 23 25 24 
24 23 10 6 8 
24 25 13 14 6 5 8 
11 14 9 
11 15 6 9 
22 23 
22 18 23 
12 14 18 20 
12 11 14 10 3 21 20 
2 1 
2 7 1 
4 10 23 25 
4 9 14 13 25 
14 6 15 
14 11 15 
18 3 1 
18 14 6 8 1 
9 14 18 
9 4 3 18 
13 14 16 
13 12 14 17 16 
9 14 12 
9 6 14 11 12 
10 3 
10 4 3 
6 8 1 
6 10 3 1 
16 3 7 
16 14 6 8 7 
15 6 10 3 22 
15 11 14 16 22 
23 18 
23 14 18 
24 23 18 20 
24 25 13 14 18 21 20 
15 6 9 
15 11 14 9 
4 3 18 19 
4 7 3 22 19 
9 4 3 22 
9 10 23 22 
23 10 6 8 
23 14 6 5 8 
13 14 10 
13 25 23 10 
16 14 13 25 
16 18 23 25 
14 23 
14 10 23 
24 23 14 
24 25 13 14 
4 3 17 
4 10 17 
7 8 
7 1 8 
17 14 13 
17 10 14 12 13 
18 3 7 
18 14 6 8 7 
14 6 
14 9 6 
25 13 14 9 
25 23 10 9 
16 14 12 
16 17 14 11 12 
21 3 10 6 15 
21 18 14 11 15 
3 10 
3 4 10 
23 14 13 
23 25 13 
14 6 5 
14 9 6 8 5 
19 22 
19 18 22 
25 13 12 
25 23 14 12 
3 18 20 
3 21 20 
10 23 24 
10 14 13 25 24 
6 14 16 
6 10 3 16 
3 16 
3 17 16 
5 6 9 4 
5 8 7 4 
5 6 14 18 
5 8 1 3 18 
17 10 
17 3 10 
3 10 14 11 
3 16 14 12 11 
3 1 
3 7 1 
16 3 4 
16 14 9 4 
2 1 3 10 14 11 
2 7 8 6 15 11 
17 10 6 15 
17 14 11 15 
22 3 
22 16 3 
20 18 3 7 
20 21 3 1 7 
7 3 18 
7 1 3 16 18 
8 6 10 
8 1 3 10 
23 10 6 5 
23 14 6 8 5 
11 15 
11 14 6 15 
1 8 5 
1 3 10 6 5 
4 9 
4 10 9 
5 6 15 
5 8 6 14 11 15 
23 18 20 
23 10 3 21 20 
22 16 14 
22 18 14 
3 10 23 25 
3 16 14 13 25 
15 11 12 
15 6 14 12 
2 1 3 16 
2 7 3 17 16 
24 23 18 19 
24 25 23 22 19 
10 3 1 2 
10 4 7 2 
9 10 17 
9 14 17 
17 3 21 
17 18 21 
7 4 9 
7 3 10 9 
3 10 14 11 
3 16 14 12 11 
6 10 23 24 
6 14 13 25 24 
6 14 12 
6 15 11 12 
14 9 4 
14 10 4 
1 3 10 14 13 
1 8 6 14 12 13 
17 10 6 
17 14 6 
16 3 1 
16 14 6 8 1 
14 6 8 1 
14 10 3 1 
16 14 23 24 
16 18 23 25 24 
7 3 10 
7 4 10 
25 13 14 9 
25 23 10 9 
16 14 13 25 
16 18 23 25 
12 14 23 
12 13 25 23 
7 3 
7 1 3 
25 23 10 3 
25 13 14 16 3 
19 18 3 1 2 
19 22 3 7 2 
21 3 10 
21 18 14 10 
8 6 14 11 
8 5 6 15 11 
13 14 18 21 
13 12 14 10 3 21 
7 3 10 23 24 
7 1 3 18 23 25 24 
7 3 22 
7 1 3 16 22 
8 1 3 18 
8 6 14 18 
20 18 23 24 
20 21 3 10 23 25 24 
2 1 3 10 
2 7 4 10 
13 25 
13 14 23 25 
19 18 14 11 
19 22 16 14 12 11 
10 3 18 20 
10 4 3 21 20 
13 14 6 8 
13 12 11 15 6 5 8 
12 14 23 
12 13 25 23 
12 14 6 8 1 2 
12 11 14 9 4 7 2 
1 3 4 
1 7 4 
25 23 10 4 
25 13 14 9 4 
12 14 10 3 
12 11 14 16 3 
18 14 6 5 
18 3 1 8 5 
24 23 14 
24 25 13 14 
6 8 1 
6 10 3 1 
12 14 16 
12 11 14 17 16 
8 1 3 22 
8 6 10 23 22 
1 8 6 
1 3 10 6 
1 3 4 9 
1 8 6 9 
13 14 10 
13 25 23 10 
10 3 1 
10 4 7 1 
19 18 14 6 
19 22 3 10 6 
15 6 10 3 22 
15 11 14 16 22 
17 3 1 8 
17 10 6 8 
15 6 14 
15 11 14 
17 10 9 
17 14 9 
2 1 3 10 14 11 
2 7 8 6 15 11 
14 13 
14 12 13 
11 12 13 
11 14 13 
1 3 10 14 
1 8 6 14 
10 4 
10 3 4 
6 14 11 
6 15 11 
10 3 18 
10 14 18 
19 18 
19 22 18 
22 23 25 
22 16 14 13 25 
3 21 
3 18 21 
9 10 
9 4 10 
9 14 
9 6 14 
17 10 23 
17 14 23 
25 23 10 
25 13 14 10 
19 18 20 
19 22 3 21 20 
1 3 4 
1 7 4 
7 3 10 23 25 
7 4 9 14 13 25 
24 23 10 4 
24 25 13 14 9 4 
12 14 9 4 
12 11 14 10 4 
12 14 6 8 7 
12 11 14 9 4 7 
21 18 
21 3 18 
8 1 3 21 
8 6 14 18 21 
22 16 14 13 
22 23 25 13 
12 14 18 20 
12 11 14 10 3 21 20 
25 23 10 3 
25 13 14 16 3 
17 10 6 
17 14 6 
7 3 18 
7 1 3 16 18 
13 12 
13 14 12 
17 18 19 
17 3 22 19 
18 14 6 15 
18 16 14 11 15 
1 3 21 
1 7 3 18 21 
8 6 10 23 
8 1 3 18 23 
17 3 21 
17 18 21 
7 3 10 23 24 
7 1 3 18 23 25 24 
22 3 10 6 
22 16 14 6 
8 1 3 18 20 
8 7 3 21 20 
14 6 8 1 
14 10 3 1 
19 18 3 10 
19 22 23 10 
15 6 9 4 
15 11 14 10 4 
11 14 17 
11 12 14 10 17 
10 14 13 
10 23 25 13 
21 18 14 13 
21 3 10 14 12 13 
14 18 20 
14 10 3 21 20 
11 14 18 19 
11 12 14 16 22 19 
23 10 4 
23 14 9 4 
23 22 
23 18 22 
18 3 1 
18 14 6 8 1 
22 3 10 6 
22 16 14 6 
5 6 
5 8 6 
4 3 18 20 
4 7 3 21 20 
5 6 14 11 
5 8 6 15 11 
12 14 6 8 7 
12 11 14 9 4 7 
5 6 15 
5 8 6 14 11 15 
20 18 14 6 
20 21 3 10 6 
10 3 16 
10 14 16 
25 23 18 
25 13 14 18 
1 3 10 14 11 
1 8 6 15 11 
15 6 10 23 
15 11 14 23 
9 6 8 
9 4 7 8 
13 14 18 
13 25 23 18 
13 14 6 8 7 
13 12 14 9 4 7 
25 23 10 3 1 
25 13 14 6 8 1 
8 7 
8 1 7 
12 14 18 19 
12 11 14 16 22 19 
22 3 7 
22 16 3 1 7 
21 3 17 
21 18 17 
3 4 
3 7 4 
14 9 
14 6 9 
6 10 23 
6 14 23 
14 18 
14 16 18 
19 18 3 10 
19 22 23 10 
23 10 3 1 2 
23 18 3 7 2 
25 13 
25 23 14 13 
17 10 23 25 
17 14 13 25 
